0.029896 126
1.580498 1
0.018649 1
0.363920 4
0.163055 4
0.186209 1
0.104683 1
0.127577 11
0.006993 179
0.000416 8
0.000029 118
0.714312 1
0.037902 1
0.146194 1
3.198945 1
0.042770 1
0.155941 1
0.090857 1
0.191402 1
0.393735 4
0.164158 4
0.142137 4
0.141770 4
0.120524 4
0.374704 1
0.308517 1
0.103849 1
0.108296 1
0.109983 1
0.134518 1
1.222380 1
0.097693 1
0.606253 1
0.130828 1
0.301988 1
0.261964 1
0.101171 1
0.558933 1
0.288781 1
0.107184 1
0.125002 1
0.296156 1
0.346285 1
0.312273 1
0.326912 11
0.000279 164
1.902877 1
0.075450 1
0.140952 11
0.006983 11
0.000670 164
2.068657 1
0.559214 4
0.303026 1
0.052179 1
0.119907 1
0.081017 1
0.573841 1
0.156591 1
0.918898 1
0.277512 1
0.151959 1
0.766825 1
0.636883 4
0.109697 1
0.178183 1
0.761347 1
0.065109 1
0.228182 1
0.347683 4
0.072096 1
0.026328 1
0.306691 11
0.727131 164
1.478946 1
0.182458 1
0.129750 1
0.157648 1
0.380871 4
0.159117 4
0.122555 4
0.113698 1
0.102901 1
0.229118 1
0.360052 4
0.052633 1
0.065247 1
0.583289 1
0.304629 4
0.202211 1
0.528926 1
0.388436 1
0.524956 1
0.847114 11
0.082615 19
2.957724 1
0.928605 2
0.085910 26
0.008547 164
1.707870 9
1.130774 11
0.051995 19
0.846205 4
0.835298 4
0.366933 4
0.333990 4
0.341212 3
0.499985 3
0.030452 6
0.030252 3
0.029764 3
0.031207 6
0.030218 3
0.031023 3
0.030010 6
0.030036 3
0.031450 3
0.030155 6
0.395928 1
0.466697 2
0.055136 26
0.006179 164
1.677055 9
0.447002 11
0.057660 19
1.029583 1
0.097521 2
0.033916 26
0.010606 164
3.451877 1
1.471617 1
0.829730 1
0.038130 1
1.848809 2
0.000013 9
0.000064 6
